acc = 0.8519047619047619
f1 = 0.42935779816513764
score = 0.7251406727828745