acc = 0.8604761904761905
f1 = 0.4243614931237721
score = 0.7296417812704649