acc : 0.8657142857142858
f1 : 0.4524271844660195
score : 0.7417281553398059