acc : 0.8573809523809524
f1 : 0.42013552758954503
score : 0.7262073249435301