acc : 0.8628571428571429
f1 : 0.45454545454545453
score : 0.577038961038961